29.2294
33.0289
36.5291
40.0699
43.527
47.3041
51.9966
57.9696
64.6978
70.6865
75.919
81.1942
86.9201
92.0412
97.0941
101.17
103.318
102.867
99.6053
94.1277
87.3986
80.0555
73.0548
67.9543
63.2595
59.0585
55.3353
52.2217
49.6346
47.2727
45.1939
43.1645
41.6348
40.0187
38.3355
36.5819
34.9664
32.2578
29.4806
27.7109
26.6767
25.705
24.6654
24.2437
25.2994
28.0483
31.8359
36.0628
40.1227
43.2069
44.5781
46.2333
47.1216
45.7843
42.4936
37.9534
32.1735
24.9319
16.4927
6.81447
-3.32302
-13.5229
-22.9893
-30.5854
-35.9251
-38.906
-39.0691
-38.1422
-36.4353
-34.3538
-31.9722
-30.2904
-29.0117
-28.1412
-26.5741
-24.46
-22.3511
-20.8687
-19.3435
-18.3019
-17.6963
-17.1232
-16.5233
-15.5772
-14.2798
-11.6558
-8.17589
-4.64728
-2.12903
-0.0638118
1.56075
2.64316
2.93662
2.97858
3.71108
4.76258
6.0031
6.94967
7.6419
8.59731
9.80904
11.6021
13.7656
15.9851
17.6225
18.8967
20.045
20.8748
21.2777
22.0121
23.2114
25.0536
27.1743
27.683
27.3892
26.0657
24.3106
22.8926
21.3267
19.6366
17.7235
15.5701
11.7111
6.13653
0.00658689
-6.33107
-12.9775
-19.3668
-25.2563
-30.2517
-34.4163
-38.2925
-42.172
-46.4609
-49.6518
-51.3205
-50.7667
-49.0572
-46.352
-43.5117
-40.456
-37.1751
-33.8101
-30.2245
-26.5257
-22.5281
-18.0565
-12.4606
-6.40062
-0.747378
4.92706
10.3997
15.9185
21.1872
26.1682
30.9282
35.3738
38.2062
40.1193
41.948
43.4575
45.0534
46.0506
45.8515
44.6888
43.7751
42.6127
41.4229
40.875
40.9182
41.7038
43.5838
46.548
49.8818
52.9081
55.6538
57.9372
59.8862
60.8269
60.7464
60.0333
59.0315
57.7668
55.2233
51.0211
46.1999
41.5772
37.0338
32.6478
27.7959
22.8098
16.8167
11.0309
4.99206
-2.09242
-9.0218
-16.994
-23.7448
-29.2644
-32.3925
-33.7651
-35.0291
-36.028
-37.8511
-40.2061
-42.1212
-44.373
-46.3079
-47.5722
-47.3194
-45.507
-42.9322
-39.4798
-35.9043
-34.1812
-33.5422
-34.0142
-33.8142
-33.1381
-32.4376
-30.2897
