-8.85185
-21.6982
-29.6355
-30.4337
-33.0143
-35.9021
-30.9862
-27.2888
-21.6023
-25.6701
-32.633
-38.2576
-46.3082
-52.6293
-54.0474
-53.3801
-49.7818
-49.6261
-45.1436
-40.0233
-40.0854
-39.2556
-44.9046
-51.3429
-50.7479
-48.8829
-36.7393
-30.4304
-19.1635
-12.112
-7.15591
2.86561
8.38828
15.1039
18.86
23.0864
26.9152
34.2123
45.0495
52.7076
55.0244
57.1811
60.4243
64.59
67.6819
67.0708
66.6368
65.0132
63.2168
58.4052
51.1037
44.8464
41.0909
38.6832
36.6637
37.9628
40.1206
40.0378
45.055
50.0395
51.4371
49.4957
49.2625
47.772
49.5356
53.1562
49.9683
46.0921
42.2621
37.9935
32.2902
27.6248
21.8656
17.8392
9.92297
-0.170077
-6.53734
-11.7306
-15.8823
-20.35
-24.0516
-28.2331
-32.1504
-35.5312
-42.2195
-48.5512
-57.9956
-62.4151
-63.6165
-57.6904
-53.7973
-51.0743
-50.2335
-48.8143
-44.9238
-39.5632
-31.6817
-24.5132
-16.1617
-3.72484
6.95614
10.0714
12.8759
15.0633
17.2207
17.2903
20.7716
26.2141
29.7178
35.657
32.4224
28.0087
24.9494
22.8893
24.1939
24.6383
23.9935
24.1721
24.8628
22.4198
18.7744
14.656
12.419
10.4108
10.7359
10.9652
8.96856
6.64107
3.14642
4.11048
6.9728
8.05897
8.19704
7.94399
9.46717
5.74354
-1.15951
-9.09029
-11.7929
-14.1234
-14.8312
-15.2736
-14.1357
-13.2426
-14.939
-13.9155
-16.0034
-20.3059
-24.6591
-23.8969
-23.5631
-22.4461
-26.0274
-29.6079
-34.4347
-39.7214
-50.8296
-57.2837
-60.9697
-60.855
-54.3224
-43.873
-31.8983
-17.2641
-4.03483
9.05402
19.7925
29.3308
40.4353
50.6746
52.8545
50.0625
55.5439
56.3622
52.9706
46.9862
39.0441
29.522
22.5571
20.5071
21.8182
22.5398
20.6318
18.3719
21.4233
28.5043
29.5678
31.6024
33.5544
35.5161
35.0471
36.8786
37.8249
39.2863
39.767
40.4425
42.2545
44.4804
47.5522
45.0523
50.6828
60.4824
72.2173
86.5599
101.061
111.909
117.475
117.306
112.526
109.823
102.295
96.8492
94.6412
91.6106
81.8616
70.7665
62.4125
57.3556
54.2329
50.5301
48.227
45.8217
39.7739
34.7762
30.4813
26.9115
24.3265
21.6422
18.1016
16.2951
13.4234
